7	1			10060736	413226	20180804	20180809	070500	641	ZZ			1
7	2			10059611	423493	20180804	20180809	070600	1080	ZZ			1
7	3			299356	370411	20180804	20180809	070700	873	ZZ			1
7	4			319758	421480	20180804	20180809	070800	363	ZZ			1
7	5			10058476	352359	20180804	20180809	070900	227	ZZ			1
7	6			319405	410115	20180804	20180809	071000	0	ZZ		AA	1
7	7			349181	455752	20180804	20180809	071100	83	ZZ			1
7	8			573973	805425	20180804	20180809	071200	74	ZZ			1
7	9			249740	338245	20180804	20180809	071300	767	ZZ			1
7	10			241601	350201	20180804	20180809	071400	574	ZZ			1
7	11			288071	364793	20180804	20180809	071500	0	ZZ		AA	1
7	12			259435	347600	20180804	20180809	071600	219	ZZ			1
7	13			10058516	347605	20180804	20180809	071700	0	ZZ		medidor pintado no se ve el numero de medidor	1
7	14			251731	364716	20180804	20180809	071800	1501	ZZ			1
7	15			288124	371132	20180804	20180809	071900	1190	ZZ			1
7	16			288188	371136	20180804	20180809	072000	1156	ZZ			1
7	17			285185	376816	20180804	20180809	072100	563	ZZ			1
7	18			292110	392030	20180804	20180809	072200	601	ZZ			1
7	19			401476	535828	20180804	20180809	072300	0	ZZ		AA	1
7	20			644450	884784	20180804	20180809	072400	0	ZZ		AA	1
7	21			525245	713250	20180804	20180809	072500	75	ZZ			1
7	22			529645	713249	20180804	20180809	072600	213	ZZ			1
7	23			284971	375331	20180804	20180809	072700	3	ZZ			1
7	24			10060015	403819	20180804	20180809	072800	2351	ZZ			1
7	25			10059568	422385	20180804	20180809	072900	228	ZZ			1
7	26			492010	677999	20180804	20180809	073000	364	ZZ			1
7	27			10068774	431506	20180804	20180809	073100	26	ZZ			1
7	28			11001219	432968	20180804	20180809	073200	0	ZZ		tapa no habre no se ve lectura	1
7	29			10060733	425012	20180804	20180809	073300	591	ZZ			1
7	30			107176	590498	20180804	20180810	073400		AW			1
7	31			107239	111091	20180804	20180810	073500	968	AD			1
7	32			10050966	111103	20180804	20180810	073600	1192	ZZ			1
7	33			130905	111336	20180804	20180810	073700	1365	AD			1
7	34			289987	114656	20180804	20180810	073800		AA		manpara cerrada no tiene intercomunicador	1
7	35			10003484	112749	20180804	20180810	073900	131	ZZ			1
7	36			300048	112454	20180804	20180810	074000	18	ZZ			1
7	37			10077325	558907	20180804	20180810	074100	475	ZZ			1
7	38			10074442	533296	20180804	20180810	074200		AA		manpara cerrada cliente no esta	1
7	39			107328	110806	20180804	20180810	074300	2482	ZZ			1
7	40			107326	110809	20180804	20180810	074400	1288	ZZ			1
7	41			10056660	433849	20180804	20180810	074500		AA			1
7	42			10056830	494688	20180804	20180810	074600		AB			1
7	43			10056812	833824	20180804	20180810	074700		AB			1
7	44			10052486	417603	20180804	20180810	074800		AB			1
7	45			10064980	452869	20180804	20180810	074900		AA		2 piso esta ausente	1
7	46			10087299	610738	20180804	20180810	075000	212	AK		chapa sellada	1
7	47			10088006	610419	20180804	20180810	075100	145	ZZ			1
7	48			620143	865685	20180804	20180810	075200		AU			1
7	49			611715	846991	20180804	20180810	075300	18	ZZ			1
7	50			617120	842736	20180804	20180810	075400	146	ZZ			1
7	51			617634	803380	20180804	20180810	075500	55	ZZ			1
7	52			617115	787191	20180804	20180810	075600	100	ZZ			1
7	53			611504	803030	20180804	20180810	075700	51	ZZ			1
7	54			620152	844039	20180804	20180810	075800	46	ZZ			1
7	55			611045	802250	20180804	20180810	075900	85	ZZ			1
7	56			617529	856103	20180804	20180810	080000	64	ZZ			1
7	57			617633	803379	20180804	20180810	080100	46	ZZ			1
7	58			10074539	527615	20180804	20180810	080200		AA		No sale nadies	1
7	59			10073471	503818	20180804	20180810	080300	91	ZZ			1
7	60			106453	111745	20180804	20180810	080400	1511	ZZ			1
7	61			10079658	450326	20180804	20180810	080500		AA			1
7	63			10056739	598311	20180804	20180810	080700	213	ZZ			1
7	64			10056509	908131	20180804	20180810	080800	32	ZZ			1
7	65			10056824	725018	20180804	20180810	080900		AA			1
7	67			149264	205876	20180804	20180809	081100	2071	ZZ			1
7	69			211646	834228	20180804	20180809	081300	539	AD			1
7	70			10050266	640550	20180804	20180809	081400	717	ZZ			1
7	71			211517	305912	20180804	20180809	081500	1215	ZZ			1
7	72			10008434	563977	20180804	20180809	081600	2931	ZZ			1
7	73			10010917	136019	20180804	20180809	081700	1573	ZZ			1
7	74			10030578	200911	20180804	20180809	081800	0	AA		puerta cerrada	1
7	75			254179	363195	20180804	20180809	081900	0	AW			1
7	76			10052737	377623	20180804	20180809	082000	0	AA			1
7	79			150000	144637	20180804	20180809	082300	872	ZZ			1
7	80			116424	671869	20180804	20180809	082400	1464	ZZ			1
7	81			115662	147567	20180804	20180809	082500	1806	ZZ			1
7	83			10067290	477662	20180804	20180809	082700	0	AA		No sale nadies	1
7	84			139026	457150	20180804	20180809	082800	1653	ZZ			1
7	85			125321	165598	20180804	20180809	082900	1681	ZZ			1
7	86			107301	112507	20180804	20180810	083000	1903	ZZ			1
7	87			106761	112508	20180804	20180810	083100	628	ZZ		tapa sellada	1
7	88			610867	796532	20180804	20180810	083200	110	ZZ			1
7	89			611931	850842	20180804	20180810	083300	126	ZZ			1
7	90			610869	787187	20180804	20180810	083400	345	ZZ			1
7	91			617122	838151	20180804	20180810	083500	155	ZZ			1
7	92			660362	808587	20180804	20180810	083600	143	ZZ			1
7	93			617527	867422	20180804	20180810	083700	52	ZZ			1
7	94			611563	795346	20180804	20180810	083800	289	ZZ			1
7	95			611566	795352	20180804	20180810	083900	168	ZZ			1
7	96			617193	838419	20180804	20180810	084000	105	ZZ			1
7	97			617187	803083	20180804	20180810	084100	136	ZZ			1
7	98			156116	216937	20180804	20180810	084200	1766	ZZ			1
7	99			156113	216757	20180804	20180810	084300	1374	ZZ			1
7	100			171537	231415	20180804	20180810	084400	751	AD			1
7	101			186038	251692	20180804	20180810	084500	546	ZZ			1
7	102			188239	254183	20180804	20180810	084600		AN			1
7	103			10001951	111721	20180804	20180810	084700	4001	ZZ			1
7	104			10002074	111724	20180804	20180810	084800	3898	ZZ			1
7	105			10057651	396046	20180804	20180810	084900		AG			1
7	106			238202	316167	20180804	20180810	085000		AG			1
7	107			649239	337031	20180804	20180810	085100		AG			1
7	108			10052066	336375	20180804	20180810	085200		AG			1
7	109			10051601	301886	20180804	20180810	085300		AG			1
7	110			231814	885238	20180804	20180810	085400		AG			1
7	111			10051524	323473	20180804	20180810	085500		AG			1
7	112			618960	834232	20180804	20180810	085600		AG			1
7	113			10052184	352204	20180804	20180810	085700		AG			1
7	114			10055312	376893	20180804	20180810	085800		AG			1
7	115			10052154	353797	20180804	20180810	085900		AG			1
7	116			492079	624981	20180804	20180810	090000		AG			1
7	117			301610	380040	20180804	20180810	090100		AG			1
7	118			10052505	366357	20180804	20180810	090200		AG			1
7	119			10068516	478401	20180804	20180810	090300		AG			1
7	120			288046	374615	20180804	20180810	090400		AG			1
7	121			10073784	523874	20180804	20180810	090500		AG			1
7	122			527265	729706	20180804	20180810	090600		AG			1
7	123			509944	689430	20180804	20180810	090700		AG			1
7	124			640958	820914	20180804	20180810	090800		AA			1
7	125			241693	345150	20180804	20180809	090900	1281	ZZ			1
7	126			241503	346796	20180804	20180809	091000	143	ZZ			1
7	127			251554	337972	20180804	20180809	091100	0	ZZ		AA	1
7	128			241486	352366	20180804	20180809	091200	400	ZZ			1
7	129			534734	717525	20180804	20180809	091300	107	ZZ			1
7	130			170583323	824630	20180804	20180809	091400	176	ZZ			1
7	131			170583325	824631	20180804	20180809	091500	157	ZZ			1
7	132			318570	410689	20180804	20180809	091600	0	ZZ		   AA   no se ubico direccion	1
7	133			318722	409393	20180804	20180809	091700	857	ZZ			1
7	134			330580	418693	20180804	20180809	091800	517	ZZ			1
7	135			553889	810337	20180804	20180809	091900	182	ZZ			1
7	136			5274234	931791	20180804	20180809	092000	0	ZZ		AA interno en construcciom	1
7	137			10061315	926191	20180804	20180809	092100	0	ZZ		AA  NO SE UBICO	1
7	138			330517	434360	20180804	20180809	092200	290	ZZ			1
7	139			318458	422348	20180804	20180809	092300	0	ZZ		AA	1
7	140			578176	811765	20180804	20180809	092400	0	ZZ		AA	1
7	141			302426	364708	20180804	20180809	092500	0	ZZ		obstruido	1
7	142			285979	372606	20180804	20180809	092600	0	ZZ		AA	1
7	143			288241	366561	20180804	20180809	092700	0	ZZ		AA no se ubico	1
7	144			392004	468974	20180804	20180809	092800	88	ZZ			1
7	145			299479	371091	20180804	20180809	092900	323	ZZ			1
7	146			627590	851176	20180804	20180809	093000	24	ZZ			1
7	147			237778	336853	20180804	20180809	093100	115	ZZ			1
7	148			650632	796932	20180804	20180809	093200	36	ZZ			1
7	149			10059747	421599	20180804	20180809	093300	864	ZZ			1
7	150			253789	339210	20180804	20180809	093400	954	ZZ			1
7	151			259553	342670	20180804	20180809	093500	178	ZZ			1
7	152			259554	343397	20180804	20180809	093600	186	ZZ			1
7	153			259672	352731	20180804	20180809	093700	166	ZZ			1
7	154			669855	865698	20180804	20180809	093800	48	ZZ			1
7	155			536088	709771	20180804	20180809	093900	0	ZZ		AA obstruido	1
7	156			251977	353274	20180804	20180809	094000	574	ZZ			1
7	157			241551	346709	20180804	20180809	094100	629	ZZ			1
7	158			483651	662885	20180804	20180809	094200	137	ZZ			1
7	159			284916	365200	20180804	20180809	094300	0	ZZ		AA	1
7	160			525399	726952	20180804	20180809	094400	396	ZZ			1
7	161			488141	676067	20180804	20180809	094500	211	ZZ			1
7	162			648458	793568	20180804	20180809	094600	0	ZZ		AA NO SE UBICA DIRECCION	1
7	163			662720	853781	20180804	20180809	094700	0	ZZ		AA	1
7	164			662718	841497	20180804	20180809	094800	0	ZZ		AA	1
7	165			573303	739104	20180804	20180809	094900	0	ZZ		AA	1
7	166			648709	745980	20180804	20180809	095000	0	ZZ		AA	1
7	167			535814	729714	20180804	20180809	095100	0	ZZ		AA	1
7	168			527370	716012	20180804	20180809	095200	0	ZZ		AA	1
7	169			662550	879818	20180804	20180809	095300	0	ZZ		AA	1
7	170			301377	379800	20180804	20180809	095400	0	ZZ		AA	1
7	171			285402	374956	20180804	20180809	095500	0	ZZ		AA	1
7	172			531216	934800	20180804	20180809	095600	0	ZZ			1
7	173			595678	718792	20180804	20180809	095700	55	ZZ			1
7	174			292002	398428	20180804	20180809	095800	0	ZZ		AA	1
7	175			299348	374482	20180804	20180809	095900	0	ZZ		AA	1
7	176			285436	372527	20180804	20180809	100000	970	ZZ			1
7	177			483825	673890	20180804	20180809	100100	0	ZZ		AAA	1
7	178			299270	372505	20180804	20180809	100200	288	ZZ			1
7	179			573702	774781	20180804	20180809	100300	0	ZZ		AA	1
7	180			553395	774713	20180804	20180809	100400	0	ZZ		AA	1
7	181			545710	747942	20180804	20180809	100500	0	ZZ		vigilante no permite ingreso	1
7	192			10076914	532834		20180810	101600		AA			1
7	270			357388	463343		20180810	113400	0	ZZ		mi	1
7	271			342269	450480		20180810	113500	0	ZZ		mi	1
7	275			259121	350097		20180810	113900	586	ZZ			1
