0			136800	185399		20190205		2582				
0			142390	191295		20190205		2553				
0			141194	191501		20190205			AA			
0			165210	226147		20190205		1534				
0			284720	345654		20190205		510				
0			239730	332697		20190205			AA			
0			291844	383715		20190205		1046				
0			627814	862576		20190205		132				
0			733346	947932		20190205		0				
0			716949	948025		20190205		37				
0			716819	953719		20190205		118				
0			314850	397871		20190205		302				
0			323974	416145		20190205		679				
0			10003376	543499		20190205			ZZ		es una Quinta	
0			10090111	682072		20190205			AA		medidor en azotea	
0			10074662	434027		20190205			AA			
0			10069806	485590		20190205		69				
0			502218	537699		20190205			AA			
0			10092518	632274		20190205		3				
0			764460	648625		20190205			AA			
0			515520	662570		20190205		904				
0			550846	736612		20190205			AF			
0			582296	738187		20190205		143				
0			544246	750520		20190205			AA			
0			561591	788851		20190205		24				
0			632814	848074		20190205			AA			
0			635411	848109		20190205		217				
0			773335	859206		20190205		0				
0			647522	867796		20190205			AA			
0			686526	873340		20190205			AA			
0				911060		20190205		0				
0			690954	919853		20190205		17				
0			749555	936966		20190205		8				
0			745443	955121		20190205		0			Dirección Correcta: Cl. Rubiares 384 - Urb. Naranjal	
0			751035	977110		20190205		0				
0			751036	977112		20190205		0				
0			763032	977607		20190205			AA			
0			762455	979057		20190205			AA			
0			737556	986101		20190205		68				
0			614747	835207		20190205		145				
0			224894	309656		20190205			AA			
0			224904	309710		20190205			AA			
0			570637	790748		20190205		53				
0			672728	928984		20190205		183				
0			173999	235420		20190205		395			Medidor Cambiado	
0			10088655	690158		20190205		3743				
0			757984	1008811		20190205		0				
0			741771	1001482		20190205		38				
0			484833	660038		20190205		298				
0			468495	657711		20190205		571				
0			189826	256241		20190205		710				
0			403342	550413		20190205		274				
0			310907	385999		20190205			AA			
0			753542	907046		20190205			AA			
0			702079	907051		20190205			AA			
0			449020	615297		20190205		42				
0			668502	879159		20190205			AA			
0			668243	879160		20190205			AA			
0			636928	809257		20190205		305				
0			10099258	855868		20190205		1461				
0			107729	114274		20190205		2033				
0			782112	1047602		20190205		4				
0			551219	729395	20190204	20190205		269				
0			523764	649749	20190204	20190205		1				
0			522715	649974	20190204	20190205		135				
0			569394	746658	20190204	20190205		0				
0			326759	432315	20190204	20190205		0				
0			305898	413997	20190204	20190205		0				
0			310949	414153	20190204	20190205		0				
0			344049	447301	20190204	20190205		0				
0			582515	740004	20190204	20190205		0				
0			582506	663095	20190204	20190205		0				
0			510957	689146	20190204	20190205		0				
0			542245	668805	20190204	20190205		197				
0			768722	946154	20190204	20190205			AA			
0			768726	946152	20190204	20190205		0				
0			369803	517225	20190204	20190205		0				
0			444342	599737	20190204	20190205		0				
0			321160	409095	20190204	20190205		0				
0			488309	627104	20190204	20190205		311				
0			327216	436908	20190204	20190205		454				
0			320606	418911	20190204	20190205		0				
0			321396	419061	20190204	20190205		0				
0			713064	953189	20190204	20190205		0				
0			713059	953291	20190204	20190205		0				
0			713017	953186	20190204	20190205		0				
0			324267	423071	20190204	20190205		0				
0			481826	625189	20190204	20190205		0				
0			582286	625190	20190204	20190205		0				
0			481825	625191	20190204	20190205		0				
0			467411	625168	20190204	20190205		0				
0			10091127	648606	20190204	20190205		406				
0			686607	905594	20190204	20190205		0				
0			487209	624738	20190204	20190205		0				
0			487207	656383	20190204	20190205		0				
0			468113	631044	20190204	20190205		296				
0			468109	631045	20190204	20190205		1				
0			535309	736237	20190204	20190205		8				
0			305902	410877	20190204	20190205		837				
0			306424	403209	20190204	20190205		0				
0			326943	428295	20190204	20190205		0				
0			321353	416538	20190204	20190205		1197				
0			500934	648662	20190204	20190205		14				
0			523195	649182	20190204	20190205		0				
0			523196	649184	20190204	20190205		0				
0			352704	469704	20190204	20190205		0				
0			491331	649456	20190204	20190205		194				
0			491454	649457	20190204	20190205		8				
0			491326	649458	20190204	20190205		105				
0			471805	626055	20190204	20190205		16				
0			543492	625471	20190204	20190205		0				
0			471807	631158	20190204	20190205		10				
0			543000	648672	20190204	20190205		0				
0			543002	648673	20190204	20190205		0				
0			311996	416881	20190204	20190205		0				
0			355414	429510	20190204	20190205		0				
0			510728	697375	20190204	20190205		0				
0			305789	404387	20190204	20190205		0				
0			338496	407159	20190204	20190205		219				
0			327136	409792	20190204	20190205		451				
0			327138	407158	20190204	20190205		699				
0			526897	689457	20190204	20190205		192				
0			526898	689458	20190204	20190205		8				
0			625748	847991	20190204	20190205		0				
0			640544	847987	20190204	20190205		105				
0			306270	401510	20190204	20190205		265				
0			402296	559705	20190204	20190205		0				
0			338817	444086	20190204	20190205		0				
0			615032	841760	20190204	20190205		0				
0			615034	841761	20190204	20190205		0				
0			320849	810821	20190204	20190205		0				
0			312031	409880	20190204	20190205		11				
0			312030	409878	20190204	20190205		497				
0			650952	858601	20190204	20190205		117				
0			650951	858603	20190204	20190205		105				
0			582319	687597	20190204	20190205		0				
0			312012	422985	20190204	20190205		560				
0			311553	410878	20190204	20190205		2272				
0			10076911	523290	20190204	20190205		0				
0			320673	409838	20190204	20190205		709				
0			511767	726694	20190204	20190205		0				
0			490829	649531	20190204	20190205		0				
0			310910	403200	20190204	20190205		859				
0			306171	404422	20190204	20190205		277				
0			306173	403204	20190204	20190205		874				
0			306175	403203	20190204	20190205		137				
0			506484	662681	20190204	20190205		395				
0			311364	409742	20190204	20190205		0				
0			305968	407152	20190204	20190205		750				
0			311597	414283	20190204	20190205		716				
0			311596	414294	20190204	20190205		0				
0			311600	414293	20190204	20190205		582				
0			666864	895358	20190204	20190205		50				
0			666862	895361	20190204	20190205		0				
0			457090	636438	20190204	20190205		90				
0			457096	634305	20190204	20190205		238				
0			324135	425314	20190204	20190205		0				
0			324133	414229	20190204	20190205		906				
0			320898	419697	20190204	20190205		726				
0			320897	423014	20190204	20190205		10				
0			510766	722073	20190204	20190205		56				
0			542224	700715	20190204	20190205		37				
0			542480	700696	20190204	20190205		0				
0			542478	713479	20190204	20190205		337				
0			311552	411646	20190204	20190205		472				
0			457083	625907	20190204	20190205		0				
0			311891	419035	20190204	20190205		898				
0			311448	419050	20190204	20190205		350				
0			311884	419086	20190204	20190205		628				
0			10092555	661030	20190204	20190205		0				
0			457673	645793	20190204	20190205		0				
0			457033	631808	20190204	20190205		0				
0			457034	631809	20190204	20190205		0				
0			457670	645790	20190204	20190205		0				
0			457674	645795	20190204	20190205		0				
0			457029	631811	20190204	20190205		0				
0			326611	433525	20190204	20190205		335				
0			582316	649716	20190204	20190205		0				
0			505336	697361	20190204	20190205		197				
0			505338	697365	20190204	20190205		0				
0			505337	697358	20190204	20190205		0				
0			513938	625173	20190204	20190205		0				
0			339300	438321	20190204	20190205		0				
0			513936	675332	20190204	20190205		0				
0			513937	675333	20190204	20190205		0				
0			10088260	649983	20190204	20190205		96				
0			10088214	649984	20190204	20190205		455				
0			762858	1019962	20190204	20190205		0				
0			762856	1019959	20190204	20190205		0				
0			762853	1019904	20190204	20190205		0				
0			10082585	531462	20190204	20190205		1059				
0			662603	884770	20190204	20190205		0				
0			661995	884773	20190204	20190205		0				
0			662389	884775	20190204	20190205		0				
0			320644	421220	20190204	20190205		842				
0			611220	828296	20190204	20190205		0				
0			611219	828297	20190204	20190205		0				
0			582184	732159	20190204	20190205		215				
0			582180	732160	20190204	20190205		215				
0			582185	732161	20190204	20190205		0				
0			582305	736750	20190204	20190205		39				
0			582285	736751	20190204	20190205		80				
0			582298	736748	20190204	20190205		165				
0			775709	1018931	20190204	20190205		10				
0			691937	902038	20190204	20190205		0				
0			691936	897123	20190204	20190205		26				
0			691938	897124	20190204	20190205		163				
0			320980	422991	20190204	20190205		1310				
0			320716	419060	20190204	20190205		0				
0			10083048	614403	20190204	20190205		726				
0			356322	470876	20190204	20190205		1066				
0			382267	427042	20190204	20190205		926				
0			339512	438584	20190204	20190205		1051				
0			339511	438578	20190204	20190205		768				
0			344743	453838	20190204	20190205		69				
0			635153	855885	20190204	20190205		109				
0			635149	855884	20190204	20190205		145				
0			320674	412903	20190204	20190205		0				
0			10061163	428930	20190204	20190205		0				
0			430366	583497	20190204	20190205			AA			
0			430709	571598	20190204	20190205			AA			
0			485616	683607	20190204	20190205		5				
0			430658	573104	20190204	20190205		393				
0			435723	581987	20190204	20190205		333				
0			524214	698749	20190204	20190205			AA			
0			418312	573014	20190204	20190205		1303				
0			430190	571130	20190204	20190205			AA			
0			418207	566061	20190204	20190205		449				
0			596374	808808	20190204	20190205		166				
0			418256	573125	20190204	20190205		371				
0			418062	565865	20190204	20190205			AA			
0			412308	571158	20190204	20190205			AA			
0			424942	564321	20190204	20190205		302				
0			430910	573846	20190204	20190205		287				
0			544716	745901	20190204	20190205			AW			
0			435952	585624	20190204	20190205		459				
0			10079722	573853	20190204	20190205		292				
0			430488	573893	20190204	20190205		169				
0			790418	157225	20190204	20190205		20			cliente dicta	
0			471769	623954	20190204	20190205		0				
0			5273720	160858	20190204	20190205		0			minpt pase	
0			531303	656189	20190204	20190205		659			cliente dicta lectura	
0			404226	157985	20190204	20190205		0				
0			121944	157246	20190204	20190205		829			cliente dicta npt pase	
0			311545	409850	20190204	20190205			AA			
0			311862	410932	20190204	20190205			AA			
0			311429	410925	20190204	20190205		726				
0			320637	421176	20190204	20190205			AA			
0			442935	599375	20190204	20190205			AA			
0			294387	387722	20190204	20190205		2463				
0			294990	389645	20190204	20190205		237				
0			794266	988025	20190204	20190205		11				
0			794265	988023	20190204	20190205		1				
0			307310	401269	20190204	20190205		1110				
0			306680	401264	20190204	20190205		2				
0			539972	729488	20190204	20190205		237				
0			539976	729485	20190204	20190205		418				
0			613915	749617	20190204	20190205			AA			
0			418052	566069	20190204	20190205			AA			
0			418064	570882	20190204	20190205		458				
0			418063	573858	20190204	20190205		71				
0			10079709	564512	20190204	20190205		706				
0			418251	565828	20190204	20190205		487				
0			418698	573816	20190204	20190205		228				
0			418696	571552	20190204	20190205		1				
0			418691	571441	20190204	20190205		303				
0			556479	762647	20190204	20190205		249				
0			430455	568831	20190204	20190205			AA			
0			424757	566377	20190204	20190205			AD			
0			430255	565897	20190204	20190205		70				
0			418284	570297	20190204	20190205		265				
0			424892	566247	20190204	20190205			AA			
0			425078	573162	20190204	20190205			AA			
0			10079767	566246	20190204	20190205			AA			
0			430201	584629	20190204	20190205		379				
0			539975	729486	20190204	20190205		209				
0			539978	729487	20190204	20190205		210				
0			539974	729484	20190204	20190205		1				
0			539973	729483	20190204	20190205		164				
0			539971	729489	20190204	20190205		18				
0			311799	419627	20190204	20190205			AA			
0			311797	419628	20190204	20190205			AA			
0			326661	425686	20190204	20190205		727				
0			324332	425687	20190204	20190205		499				
0			468901	647908	20190204	20190205			AA			
0			468903	647904	20190204	20190205			AA			
0			468902	647901	20190204	20190205			AA			
0			327026	425935	20190204	20190205			AA			
0			320851	422923	20190204	20190205		603				
0			10080776	541664	20190204	20190205			AA			
0			10058863	420027	20190204	20190205			AA			
0			10058887	419031	20190204	20190205			AA			
0			294509	388347	20190204	20190205		1285				
0			170532644	649203	20190204	20190205			AA			
0			606417	812938	20190204	20190205		0				
0			606415	812939	20190204	20190205		0				
0			606414	813543	20190204	20190205		0				
0			606413	813545	20190204	20190205		0				
0			436694	595453	20190204	20190205			AT			
0			436335	588714	20190204	20190205		922				
0			458578	626099	20190204	20190205		364				
0			458575	626100	20190204	20190205		350				
0			418250	570117	20190204	20190205		416				
0			430635	579770	20190204	20190205		41				
0			430655	579772	20190204	20190205		36				
0			418481	566250	20190204	20190205		447				
0			418478	570680	20190204	20190205		241				
0			418125	571101	20190204	20190205		308				
0			10078204	571592	20190204	20190205		797				
0			446936	570706	20190204	20190205			AA			
0			436071	570108	20190204	20190205			AA			
0			431011	570109	20190204	20190205			AA			
0			320636	409807	20190204	20190205			AA			
0			594910	769441	20190204	20190205			AA			
0			324112	409649	20190204	20190205			AA			
0			320940	419048	20190204	20190205			AA			
0			320942	443353	20190204	20190205			AA			
0			321362	457502	20190204	20190205			AA			
0			320939	409851	20190204	20190205			AA			
0			321359	421246	20190204	20190205			AA			
0			500771	662779	20190204	20190205		299				
0			500772	662782	20190204	20190205		23				
0			294916	386949	20190204	20190205			AA			
0			10081802	599664	20190204	20190205			AA			
0			273790	370775	20190204	20190205		1012				
0			268870	371813	20190204	20190205			AA			
0			454496	613533	20190204	20190205		245				
0			269240	362444	20190204	20190205		828				
0			515282	649301	20190204	20190205		1				
0			515277	649302	20190204	20190205		1				
0			382321	397863	20190204	20190205		86				
0			436027	570710	20190204	20190205			AA			
0			412464	570644	20190204	20190205			AF			
0			412461	571152	20190204	20190205			AA			
0			418129	570840	20190204	20190205			AA			
0			424963	572891	20190204	20190205			AA			
0			446933	572894	20190204	20190205			AA			
0			430653	568840	20190204	20190205		1777				
0			430628	570838	20190204	20190205		1013				
0			430671	570841	20190204	20190205		2				
0			412550	568776	20190204	20190205			AA			
0			418018	570113	20190204	20190205		744				
0			425070	579775	20190204	20190205			AA			
0			10079719	566368	20190204	20190205		437				
0			10083452	566367	20190204	20190205		4				
0			424964	570735	20190204	20190205			AA			
0			424965	570737	20190204	20190205			AA			
0			430751	578662	20190204	20190205		479				
0			430363	579747	20190204	20190205		66				
0			430866	571362	20190204	20190205		679				
0			507634	663125	20190204	20190205		225				
0			507632	663127	20190204	20190205		118				
0			507631	663129	20190204	20190205		202				
0			507633	663131	20190204	20190205		125				
0			459480	635833	20190204	20190205		195				
0			459584	635831	20190204	20190205		1				
0			459482	635829	20190204	20190205		1				
0			569831	769435	20190204	20190205		326				
0			570133	769436	20190204	20190205		1				
0			512892	644306	20190204	20190205		48				
0			512395	644304	20190204	20190205		16				
0			512397	644301	20190204	20190205		212				
0			512891	644299	20190204	20190205		18				
0			453152	644282	20190204	20190205			AA			
0			269483	368269	20190204	20190205			AA			
0			662605	866446	20190204	20190205		27				
0			444102	599497	20190204	20190205			AA			
0			308406	416025	20190204	20190205		1				
0			308409	407973	20190204	20190205		1				
0			412549	568019	20190204	20190205			AA			
0			412553	568018	20190204	20190205			AA			
0			424916	566677	20190204	20190205		1085				
0			540001	692990	20190204	20190205		292				
0			412460	566220	20190204	20190205			AD			
0			540000	692992	20190204	20190205		0				
0			607984	795378	20190204	20190205		251				
0			607985	805617	20190204	20190205		58				
0			607986	795369	20190204	20190205			ZZ			
0			607983	795372	20190204	20190205		3				
0			10078071	571205	20190204	20190205		92				
0			412067	571027	20190204	20190205		175				
0			424727	571025	20190204	20190205		470				
0			430379	583846	20190204	20190205			AA			
0			431012	585761	20190204	20190205			AA			
0			418477	570628	20190204	20190205			AT			
0			430622	570295	20190204	20190205		542				
0			424979	564505	20190204	20190205		370				
0			430582	585723	20190204	20190205		509				
0			308005	391978	20190204	20190205		96				
0			265797	387640	20190204	20190205			AA			
0			266062	778860	20190204	20190205			AA			
0			294682	387736	20190204	20190205		250				
0			294699	387638	20190204	20190205		660				
0			294701	387637	20190204	20190205		1332				
0			311069	410950	20190204	20190205		936				
0			519477	649636	20190204	20190205		100				
0			519478	649633	20190204	20190205		196				
0			542841	649993	20190204	20190205		1				
0			781981	1031956	20190204	20190205			AA			
0			255142	363710	20190204	20190205			AA			
0			255140	372940	20190204	20190205		238				
0			476211	636554	20190204	20190205			AA			
0			265707	385738	20190204	20190205		968				
0			461252	641910	20190204	20190205			AA			
0			498624	649218	20190204	20190205		473				
0			320969	419681	20190204	20190205			AB			
0			637732	817402	20190204	20190205		0				
0			10078256	572856	20190204	20190205		576				
0			424814	572861	20190204	20190205		293				
0			424811	572859	20190204	20190205		284				
0			421278	564312	20190204	20190205		594				
0			412554	564506	20190204	20190205		946				
0			412357	559453	20190204	20190205			ZZ			
0			525602	713125	20190204	20190205		66				
0			10079852	564504	20190204	20190205		603				
0			424999	559464	20190204	20190205		557				
0			10079860	573729	20190204	20190205		142				
0			418336	559466	20190204	20190205		175				
0			10074658	559465	20190204	20190205		331				
0			445524	563491	20190204	20190205			AA			
0			430773	570879	20190204	20190205		381				
0			430777	585788	20190204	20190205		386				
0			430687	564226	20190204	20190205			AA			
0			439896	560387	20190204	20190205			AA			
0			320816	419680	20190204	20190205			AB			
0			345370	429554	20190204	20190205			AN			
0			345051	428568	20190204	20190205			AN			
0			345053	428559	20190204	20190205			AN			
0			326319	433019	20190204	20190205		496				
0			326489	433005	20190204	20190205		485				
0			326320	448333	20190204	20190205		463				
0			324940	426634	20190204	20190205		0				
0			610860	835778	20190204	20190205		234				
0			619681	835774	20190204	20190205		47				
0			619790	835775	20190204	20190205		14				
0			619794	835776	20190204	20190205		208				
0			332541	418109	20190204	20190205		0				
0			347226	440237	20190204	20190205		316				
0			347220	440220	20190204	20190205		153				
0			347223	431837	20190204	20190205		911				
0			458564	610483	20190204	20190205		0			empleada no permite ingreso	
0			10078744	562811	20190204	20190205		717				
0			324939	418763	20190204	20190205		0				
0			439892	560391	20190204	20190205			AA			
0			424954	560118	20190204	20190205		607				
0			424887	571689	20190204	20190205		323				
0			10078223	560350	20190204	20190205		131				
0			607017	783127	20190204	20190205		0				
0			576339	783130	20190204	20190205		30				
0			576344	783125	20190204	20190205		320				
0			10078190	564282	20190204	20190205		698				
0			424947	566668	20190204	20190205		473				
0			429998	586067	20190204	20190205			AA			
0			435894	562414	20190204	20190205		1099				
0			425033	563851	20190204	20190205			AA			
0			424736	563856	20190204	20190205		304			direccion correcta u lt 14	
0			424738	562317	20190204	20190205		673				
0			10079810	562319	20190204	20190205			ZZ			
0			445445	560298	20190204	20190205		671				
0			424907	564633	20190204	20190205		0			direccion correcta V lote en 22	
0			424914	564632	20190204	20190205		80				
0			347602	402125	20190204	20190205		0				
0			316676	400851	20190204	20190205		0				
0			316328	402123	20190204	20190205		0				
0			332134	405855	20190204	20190205		1756				
0			332609	411229	20190204	20190205		908				
0			653449	773186	20190204	20190205		5				
0			452767	603741	20190204	20190205		0				
0			390131	537564	20190204	20190205		615				
0			551008	763406	20190204	20190205		0				
0			551007	763408	20190204	20190205		0				
0			325173	411195	20190204	20190205		0				
0			325176	411194	20190204	20190205		0				
0			325174	411193	20190204	20190205		0				
0			324945	396700	20190204	20190205		0			no permite el ingreso.. El inquilino	
0			10074286	544986	20190204	20190205		514				
0			10078683	544987	20190204	20190205		510				
0			10068051	433143	20190204	20190205		29				
0			382614	433147	20190204	20190205		350				
0			10053591	540656	20190204	20190205		829				
0			424909	564631	20190204	20190205		593			direccion correcta V lote 22	
0			430024	585755	20190204	20190205			AA			
0			617521	817399	20190204	20190205		52				
0			436018	579796	20190204	20190205		185				
0			10079737	564310	20190204	20190205		1578				
0			488261	623585	20190204	20190205		80				
0			488263	623588	20190204	20190205		169				
0			488312	623595	20190204	20190205		272				
0			488264	639684	20190204	20190205		118				
0			488314	639683	20190204	20190205		1706				
0			430313	562488	20190204	20190205			AA			
0			424885	568875	20190204	20190205		619				
0			425073	573160	20190204	20190205			AA			
0			425031	570969	20190204	20190205			AA			
0			425037	562450	20190204	20190205		269				
0			430865	579875	20190204	20190205		631				
0			425061	563843	20190204	20190205		468				
0			424801	560385	20190204	20190205		472				
0			510053	705278	20190204	20190205		0				
0			340859	418770	20190204	20190205		1380				
0			316669	416612	20190204	20190205		671				
0			10092550	668846	20190204	20190205		27				
0			10092516	668845	20190204	20190205		122				
0			481938	646886	20190204	20190205		0				
0			325205	418349	20190204	20190205		482			1	
0			325225	418198	20190204	20190205		149				
0			10076022	534262	20190204	20190205		260				
0			348625	418773	20190204	20190205		769				
0			424948	568852	20190204	20190205		442				
0			430282	586156	20190204	20190205			AA			
0			424618	564215	20190204	20190205		809				
0			733538	893254	20190204	20190205		102				
0			436301	563147	20190204	20190205		505			cerradura rota	
0			569292	723609	20190204	20190205		310				
0			424849	562259	20190204	20190205			AA			
0			716387	874129	20190204	20190205		48			dirección correcta o lt 17	
0			430785	563849	20190204	20190205			AA			
0			10079740	562152	20190204	20190205			AA			
0			623797	818456	20190204	20190205		72				
0			623947	818467	20190204	20190205		114				
0			623794	818468	20190204	20190205		0				
0			623510	818464	20190204	20190205		49				
0			623674	818465	20190204	20190205		86				
0			424595	562325	20190204	20190205			AA			
0			418071	559234	20190204	20190205			AA			
0			412535	559262	20190204	20190205			AA			
0			412300	559253	20190204	20190205			AA			
0			412699	562543	20190204	20190205		496				
0			439527	568868	20190204	20190205		0				
0			436202	581602	20190204	20190205		611				
0			582847	654233	20190204	20190205			AA			
0			430778	583523	20190204	20190205		36				
0			430772	583378	20190204	20190205		0				
0			435798	583376	20190204	20190205		312				
0			430387	583521	20190204	20190205		86				
0			424805	562413	20190204	20190205		639				
0			424617	562297	20190204	20190205		0				
0			418249	570684	20190204	20190205		0				
0			418215	570686	20190204	20190205		0				
0			424975	562941	20190204	20190205			AA			
0			424782	562383	20190204	20190205		385				
0			430657	581990	20190204	20190205			AA			
0			430621	581991	20190204	20190205			AA			
0			424912	570479	20190204	20190205		456				
0			424767	566263	20190204	20190205		1088				
0			421582	560395	20190204	20190205			AA			
0			424977	562202	20190204	20190205			AA			
0			430252	563883	20190204	20190205		486				
0			436558	563880	20190204	20190205		8				
0			418131	570951	20190204	20190205		159				
0			424612	582041	20190204	20190205		181				
0			424825	560397	20190204	20190205		958				
0			430114	562519	20190204	20190205		411				
0			550091	626092	20190204	20190205		229				
0			424821	558542	20190204	20190205		399				
0			425012	560294	20190204	20190205		427				
0			10074751	562443	20190204	20190205		717				
0			556063	756411	20190204	20190205		42				
0			424868	566372	20190204	20190205		519				
0			430806	570261	20190204	20190205		0				
0			10079848	570164	20190204	20190205		340				
0			430805	570167	20190204	20190205		108				
0			10079669	570228	20190204	20190205		186				
0			430187	577054	20190204	20190205			AA			
0			660733	843766	20190204	20190205		0				
0			430188	577052	20190204	20190205			AA			
0			430191	577050	20190204	20190205			AA			
0			10079798	577064	20190204	20190205		1056				
0			429887	800317	20190204	20190205		368				
0			10095467	764884	20190204	20190205			AD			
0			614503	785822	20190204	20190205		72				
0			614425	785823	20190204	20190205		0				
0			424874	559248	20190204	20190205		981				
0			421621	560472	20190204	20190205			AA			
0			421585	562542	20190204	20190205			AD			
0			421389	566232	20190204	20190205		165				
0			10079843	570920	20190204	20190205			AA			
0			430108	576180	20190204	20190205		672				
0			212424	166764	20190204	20190205			AA			
0			213642	165858	20190204	20190205		1347				
0			637420	753611	20190204	20190205			AB			
0			637426	753607	20190204	20190205			AB			
0			11001929	771085	20190204	20190205			AB			
0			412135	161320	20190204	20190205		603				
0			124793	163104	20190204	20190205		508				
0			124799	163107	20190204	20190205		1117				
0			124811	163106	20190204	20190205		770				
0			124805	163103	20190204	20190205		530				
0			443637	594582	20190204	20190205			AA			
0			124186	161248	20190204	20190205		736				
0			124457	163516	20190204	20190205		3990				
0			642566	812300	20190204	20190205		121				
0			412002	161184	20190204	20190205		654				
0			411715	161139	20190204	20190205		637				
0			127864	160999	20190204	20190205		2045				
0			418566	161103	20190204	20190205			AA			
0			123278	161148	20190204	20190205			AA			
0			199419	169428	20190204	20190205			AA			
0			199409	168759	20190204	20190205			AA			
0			341632	439626	20190204	20190205			AA			
0			124500	162336	20190204	20190205			AA			
0			124515	161851	20190204	20190205		1108				
0			365467	503081	20190204	20190205		619				
0			10069103	503079	20190204	20190205		6				
0			337891	453316	20190204	20190205			AA			
0			261834	353623	20190204	20190205		714				
0			200098	168972	20190204	20190205			AA			
0			199098	165167	20190204	20190205		0				
0			249972	168343	20190204	20190205		0			direccion no coincide	
0			556381	703439	20190204	20190205		0			mi npt pase	
0			624956	787139	20190204	20190205		0				
0			199094	170209	20190204	20190205		0			no hay cliente	
0			625140	787143	20190204	20190205		51				
0			625135	787145	20190204	20190205		19				
0			625157	787141	20190204	20190205		39				
0			199133	166260	20190204	20190205		0			npt pase medidores	
0			199103	166697	20190204	20190205		0			npt pase ya psaron lectura	
0			199089	170835	20190204	20190205		0			m\i	
0			612500	842894	20190204	20190205		000			obstruido	
0			476461	613759	20190204	20190205		0			nose ubica	
0			255202	672364	20190204	20190205		0			no hay cliente	
0			790415	167866	20190204	20190205		13				
0			594754	794694	20190204	20190205		277				
0			206311	167367	20190204	20190205		649				
0			10087021	599636	20190204	20190205		0			npt pase	
0			200221	165801	20190204	20190205		0			desabitda	
0			439765	165549	20190204	20190205		0				
0			123666	159648	20190204	20190205		0				
0			124067	159608	20190204	20190205		0			npt pase no esta cliente	
0			124249	162444	20190204	20190205		0				
0			128239	161392	20190204	20190205		1129				
0			127839	159606	20190204	20190205		0				
0			127840	159605	20190204	20190205		0			obstruidono ay cliente	
0			127841	159600	20190204	20190205		0			obstruido	
0			429369	159103	20190204	20190205		0			npt pase no esta cliente	
0			128016	159659	20190204	20190205		0			no coincide medidor	
0			739999	958222	20190204	20190205		68			chapa concreto	
0			740001	958626	20190204	20190205		02				
0			740002	958225	20190204	20190205		46				
0			123618	159703	20190204	20190205			AW			
0			123617	161126	20190204	20190205		0			direccion no coincide ni.nombres	
0			411103	159478	20190204	20190205		904			mi	
0			683820	161063	20190204	20190205		0			no hay cliente ene el trabajo	
0			683741	161777	20190204	20190205		0				
0			370252	516921	20190204	20190205		0			no hay cliente	
0			790416	159086	20190204	20190205		09				
0			123644	160435	20190204	20190205		1408				
0			124808	161064	20190204	20190205		0				
0			309086	384911	20190204	20190205		0			no haycliente	
0			127776	160434	20190204	20190205		0			no hay cliente	
0			10023821	157859	20190204	20190205		1673				
0			10023842	157656	20190204	20190205		735				
0			10023819	157860	20190204	20190205		2266				
0			10023818	157760	20190204	20190205		650				
0			789400	157970	20190204	20190205		0			npt pse	
0			403821	162045	20190204	20190205		490			cliente dictl lectura	
0			126985	644019	20190204	20190205		0			no hay cliente	
0			790601	157221	20190204	20190205		24				
0			10023918	378645	20190204	20190205		1033				
0			123958	161390	20190204	20190205		0				
0			199475	541927	20190204	20190205		0			npt pase no esta cliente	
0			411133	767656	20190204	20190205		0				
0			199464	165118	20190204	20190205		0				
0			199451	165582	20190204	20190205		0			npt	
0			559000	164961	20190204	20190205		0			npt pase no hay cliente	
0			123630	159665	20190204	20190205		0			m\i	
0			121796	156457	20190204	20190205		0				
0			123001	158524	20190204	20190205		0			mi	
0			127809	160955	20190204	20190205		0			no hay medidor previo	
0			10052358	363974	20190204	20190205		0				
0			413786	157609	20190204	20190205		91				
0			122952	158231	20190204	20190205		920				
0			435701	167981	20190204	20190205		0				
